104 202
106 254
111 305
121 356
139 403
169 443
208 476
252 502
301 510
349 502
392 476
431 443
460 403
478 356
487 305
493 254
495 202
138 171
162 146
198 139
234 143
268 157
332 156
366 142
402 138
437 146
461 170
301 193
301 228
301 263
301 299
261 319
280 326
301 332
321 326
340 319
180 199
202 187
227 187
250 204
226 207
201 207
350 204
373 187
398 188
419 200
399 208
374 207
221 374
251 368
280 364
300 369
322 364
350 368
379 374
350 397
323 408
301 411
278 408
250 398
232 376
279 379
300 381
322 378
368 376
322 385
300 388
279 385
0 0
300 0
598 0
598 300
598 598
300 598
0 598
0 300
